5 0.633785 0.754562 0.154205 0.477936
5 0.277848 0.709462 0.13875 0.42522
5 0.500511 0.717443 0.18477 0.552569
5 0.0612965 0.552932 0.0380394 0.143138
5 0.0979449 0.558023 0.0298267 0.130113
5 0.214334 0.551271 0.0342797 0.141003
5 0.986411 0.556512 0.0257646 0.101471
5 0.83066 0.527469 0.0169624 0.0649126
5 0.700512 0.545745 0.0260542 0.107722
5 0.695487 0.543578 0.0339296 0.108904
5 0.686502 0.542465 0.0305989 0.102579
5 0.391576 0.533975 0.0180665 0.07468
5 0.192642 0.542502 0.023082 0.108458
5 0.833784 0.527609 0.0160691 0.0619539
